9.572998,0.000001
9.572632,0.000001
9.572266,0.000001
9.571899,0.000001
9.571533,0.000001
9.571167,0.000001
9.570801,0.000001
9.570435,0.000001
9.570068,0.000001
9.569702,0.000001
9.569336,0.000001
9.568970,0.000001
9.568604,0.000001
9.568237,0.000001
9.567871,0.000001
9.567505,0.000001
9.567139,0.000001
9.566772,0.000001
9.566406,0.000001
9.566040,0.000001
9.565674,0.000001
9.565308,0.000001
9.564941,0.000001
9.564575,0.000001
9.564209,0.000001
9.563843,0.000001
9.563477,0.000001
9.563110,0.000001
9.562744,0.000001
9.562378,0.000001
9.562012,0.000001
9.561646,0.000001
9.561279,0.000001
9.560913,0.000001
9.560547,0.000001
9.560181,0.000001
9.559814,0.000001
9.559448,0.000001
9.559082,0.000001
9.558716,0.000001
9.558350,0.000001
9.557983,0.000001
9.557617,0.000001
9.557251,0.000001
9.556885,0.000001
9.556519,0.000001
9.556152,0.000001
9.555786,0.000001
9.555420,0.000001
9.555054,0.000001
9.554688,0.000001
9.554321,0.000001
9.553955,0.000001
9.553589,0.000001
9.553223,0.000001
9.552856,0.000001
9.552490,0.000001
9.552124,0.000001
9.551758,0.000001
9.551392,0.000001
9.551025,0.000001
9.550659,0.000001
9.550293,0.000001
9.549927,0.000001
9.549561,0.000001
9.549194,0.000001
9.548828,0.000001
9.548462,0.000001
9.548096,0.000001
9.547729,0.000001
9.547363,0.000001
9.546997,0.000001
9.546631,0.000001
9.546265,0.000001
9.545898,0.000001
9.545532,0.000001
9.545166,0.000001
9.544800,0.000001
9.544434,0.000001
9.544067,0.000001
9.543701,0.000001
9.543335,0.000001
9.542969,0.000001
9.542603,0.000001
9.542236,0.000001
9.541870,0.000001
9.541504,0.000001
9.541138,0.000001
9.540771,0.000001
9.540405,0.000001
9.540039,0.000001
9.539673,0.000001
9.539307,0.000001
9.538940,0.000001
9.538574,0.000001
9.538208,0.000001
9.537842,0.000001
9.537476,0.000001
9.537109,0.000001
9.536743,0.000001
9.536377,0.000001
9.536011,0.000001
9.535645,0.000001
9.535278,0.000001
9.534912,0.000001
9.534546,0.000001
9.534180,0.000001
9.533813,0.000001
9.533447,0.000001
9.533081,0.000001
9.532715,0.000001
9.532349,0.000001
9.531982,0.000001
9.531616,0.000001
9.531250,0.000001
9.530884,0.000001
9.530518,0.000001
9.530151,0.000001
9.529785,0.000001
9.529419,0.000001
9.529053,0.000001
9.528687,0.000001
9.528320,0.000001
9.527954,0.000001
9.527588,0.000001
9.527222,0.000001
9.526855,0.000001
9.526489,0.000001
9.526123,0.000001
9.525757,0.000001
9.525391,0.000001
9.525024,0.000001
9.524658,0.000001
9.524292,0.000001
9.523926,0.000001
9.523560,0.000001
9.523193,0.000001
9.522827,0.000001
9.522461,0.000001
9.522095,0.000001
9.521729,0.000001
9.521362,0.000001
9.520996,0.000001
9.520630,0.000001
9.520264,0.000001
9.519897,0.000001
9.519531,0.000001
9.519165,0.000001
9.518799,0.000001
9.518433,0.000001
9.518066,0.000001
9.517700,0.000001
9.517334,0.000001
9.516968,0.000001
9.516602,0.000001
9.516235,0.000001
9.515869,0.000001
9.515503,0.000001
9.515137,0.000001
9.514771,0.000001
9.514404,0.000001
9.514038,0.000001
9.513672,0.000001
9.513306,0.000001
9.512939,0.000001
9.512573,0.000001
9.512207,0.000001
9.511841,0.000001
9.511475,0.000001
9.511108,0.000001
9.510742,0.000001
9.510376,0.000001
9.510010,0.000001
9.509644,0.000001
9.509277,0.000001
9.508911,0.000001
9.508545,0.000001
9.508179,0.000001
9.507813,0.000001
9.507446,0.000001
9.507080,0.000001
9.506714,0.000001
9.506348,0.000001
9.505981,0.000001
9.505615,0.000001
9.505249,0.000001
9.504883,0.000001
9.504517,0.000001
9.504150,0.000001
9.503784,0.000001
9.503418,0.000001
9.503052,0.000001
9.502686,0.000001
9.502319,0.000001
9.501953,0.000001
9.501587,0.000001
9.501221,0.000001
9.500854,0.000001
9.500488,0.000001
9.500122,0.000001
9.499756,0.000001
9.499390,0.000001
9.499023,0.000001
9.498657,0.000001
9.498291,0.000001
9.497925,0.000001
9.497559,0.000001
9.497192,0.000001
9.496826,0.000001
9.496460,0.000001
9.496094,0.000001
9.495728,0.000001
9.495361,0.000001
9.494995,0.000001
9.494629,0.000001
9.494263,0.000001
9.493896,0.000001
9.493530,0.000001
9.493164,0.000001
9.492798,0.000001
9.492432,0.000001
9.492065,0.000001
9.491699,0.000001
9.491333,0.000001
9.490967,0.000001
9.490601,0.000001
9.490234,0.000001
9.489868,0.000001
9.489502,0.000001
9.489136,0.000001
9.488770,0.000001
9.488403,0.000001
9.488037,0.000001
9.487671,0.000001
9.487305,0.000001
9.486938,0.000001
9.486572,0.000001
9.486206,0.000001
9.485840,0.000001
9.485474,0.000001
9.485107,0.000001
9.484741,0.000001
9.484375,0.000001
9.484009,0.000001
9.483643,0.000001
9.483276,0.000001
9.482910,0.000001
9.482544,0.000001
9.482178,0.000001
9.481812,0.000001
9.481445,0.000001
9.481079,0.000001
9.480713,0.000001
9.480347,0.000001
9.479980,0.000001
9.479614,0.000001
9.479248,0.000001
9.478882,0.000001
9.478516,0.000001
9.478149,0.000001
9.477783,0.000001
9.477417,0.000001
9.477051,0.000001
9.476685,0.000001
9.476318,0.000001
9.475952,0.000001
9.475586,0.000001
9.475220,0.000001
9.474854,0.000001
9.474487,0.000001
9.474121,0.000001
9.473755,0.000001
9.473389,0.000001
9.473022,0.000001
9.472656,0.000001
9.472290,0.000001
9.471924,0.000001
9.471558,0.000001
9.471191,0.000001
9.470825,0.000001
9.470459,0.000001
9.470093,0.000001
9.469727,0.000001
9.469360,0.000001
9.468994,0.000001
9.468628,0.000001
9.468262,0.000001
9.467896,0.000001
9.467529,0.000001
9.467163,0.000001
9.466797,0.000001
9.466431,0.000001
9.466064,0.000001
9.465698,0.000001
9.465332,0.000001
9.464966,0.000001
9.464600,0.000001
9.464233,0.000001
9.463867,0.000001
9.463501,0.000001
9.463135,0.000001
9.462769,0.000001
9.462402,0.000001
9.462036,0.000001
9.461670,0.000001
9.461304,0.000001
9.460938,0.000001
9.460571,0.000001
9.460205,0.000001
9.459839,0.000001
9.459473,0.000001
9.459106,0.000001
9.458740,0.000001
9.458374,0.000001
9.458008,0.000001
9.457642,0.000001
9.457275,0.000001
9.456909,0.000001
9.456543,0.000001
9.456177,0.000001
9.455811,0.000001
9.455444,0.000001
9.455078,0.000001
9.454712,0.000001
9.454346,0.000001
9.453979,0.000001
9.453613,0.000001
9.453247,0.000001
9.452881,0.000001
9.452515,0.000001
9.452148,0.000001
9.451782,0.000001
9.451416,0.000001
9.451050,0.000001
9.450684,0.000001
9.450317,0.000001
9.449951,0.000001
9.449585,0.000001
9.449219,0.000001
9.448853,0.000001
9.448486,0.000001
9.448120,0.000001
9.447754,0.000001
9.447388,0.000001
9.447021,0.000001
9.446655,0.000001
9.446289,0.000001
9.445923,0.000001
9.445557,0.000001
9.445190,0.000001
9.444824,0.000001
9.444458,0.000001
9.444092,0.000001
9.443726,0.000001
9.443359,0.000001
9.442993,0.000001
9.442627,0.000001
9.442261,0.000001
9.441895,0.000001
9.441528,0.000001
9.441162,0.000001
9.440796,0.000001
9.440430,0.000001
9.440063,0.000001
9.439697,0.000001
9.439331,0.000001
9.438965,0.000001
9.438599,0.000001
9.438232,0.000001
9.437866,0.000001
9.437500,0.000001
9.437134,0.000001
9.436768,0.000001
9.436401,0.000001
9.436035,0.000001
9.435669,0.000001
9.435303,0.000001
9.434937,0.000001
9.434570,0.000001
9.434204,0.000001
9.433838,0.000001
9.433472,0.000001
9.433105,0.000001
9.432739,0.000001
9.432373,0.000001
9.432007,0.000001
9.431641,0.000001
9.431274,0.000001
9.430908,0.000001
9.430542,0.000001
9.430176,0.000001
9.429810,0.000001
9.429443,0.000001
9.429077,0.000001
9.428711,0.000001
9.428345,0.000001
9.427979,0.000001
9.427612,0.000001
9.427246,0.000001
9.426880,0.000001
9.426514,0.000001
9.426147,0.000001
9.425781,0.000001
9.425415,0.000001
9.425049,0.000001
9.424683,0.000001
9.424316,0.000001
9.423950,0.000001
9.423584,0.000001
9.423218,0.000001
9.422852,0.000001
9.422485,0.000001
9.422119,0.000001
9.421753,0.000001
9.421387,0.000001
9.421021,0.000001
9.420654,0.000001
9.420288,0.000001
9.419922,0.000001
9.419556,0.000001
9.419189,0.000001
9.418823,0.000001
9.418457,0.000001
9.418091,0.000001
9.417725,0.000001
9.417358,0.000001
9.416992,0.000001
9.416626,0.000001
9.416260,0.000001
9.415894,0.000001
9.415527,0.000001
9.415161,0.000001
9.414795,0.000001
9.414429,0.000001
9.414063,0.000001
9.413696,0.000001
9.413330,0.000001
9.412964,0.000001
9.412598,0.000001
9.412231,0.000001
9.411865,0.000001
9.411499,0.000001
9.411133,0.000001
9.410767,0.000001
9.410400,0.000001
9.410034,0.000001
9.409668,0.000001
9.409302,0.000001
9.408936,0.000001
9.408569,0.000001
9.408203,0.000001
9.407837,0.000001
9.407471,0.000001
9.407104,0.000001
9.406738,0.000001
9.406372,0.000001
9.406006,0.000001
9.405640,0.000001
9.405273,0.000001
9.404907,0.000001
9.404541,0.000001
9.404175,0.000001
9.403809,0.000001
9.403442,0.000001
9.403076,0.000001
9.402710,0.000001
9.402344,0.000001
9.401978,0.000001
9.401611,0.000001
9.401245,0.000001
9.400879,0.000001
9.400513,0.000001
9.400146,0.000001
9.399780,0.000001
9.399414,0.000001
9.399048,0.000001
9.398682,0.000001
9.398315,0.000001
9.397949,0.000001
9.397583,0.000001
9.397217,0.000001
9.396851,0.000001
9.396484,0.000001
9.396118,0.000001
9.395752,0.000001
9.395386,0.000001
9.395020,0.000001
9.394653,0.000001
9.394287,0.000001
9.393921,0.000001
9.393555,0.000001
9.393188,0.000001
9.392822,0.000001
9.392456,0.000001
9.392090,0.000001
9.391724,0.000001
9.391357,0.000001
9.390991,0.000001
9.390625,0.000001
9.390259,0.000001
9.389893,0.000001
9.389526,0.000001
9.389160,0.000001
9.388794,0.000001
9.388428,0.000001
9.388062,0.000001
9.387695,0.000001
9.387329,0.000001
9.386963,0.000001
9.386597,0.000001
9.386230,0.000001
9.385864,0.000001
9.385498,0.000001
9.385132,0.000001
9.384766,0.000001
9.384399,0.000001
9.384033,0.000001
9.383667,0.000001
9.383301,0.000001
9.382935,0.000001
9.382568,0.000001
9.382202,0.000001
9.381836,0.000001
9.381470,0.000001
9.381104,0.000001
9.380737,0.000001
9.380371,0.000001
9.380005,0.000001
9.379639,0.000001
9.379272,0.000001
9.378906,0.000001
9.378540,0.000001
9.378174,0.000001
9.377808,0.000001
9.377441,0.000001
9.377075,0.000001
9.376709,0.000001
9.376343,0.000001
9.375977,0.000001
9.375610,0.000001
9.375244,0.000001
9.374878,0.000001
9.374512,0.000001
9.374146,0.000001
9.373779,0.000001
9.373413,0.000001
9.373047,0.000001
9.372681,0.000001
9.372314,0.000001
9.371948,0.000001
9.371582,0.000001
9.371216,0.000001
9.370850,0.000001
9.370483,0.000001
9.370117,0.000001
9.369751,0.000001
9.369385,0.000001
9.369019,0.000001
9.368652,0.000001
9.368286,0.000001
9.367920,0.000001
9.367554,0.000001
9.367188,0.000001
9.366821,0.000001
9.366455,0.000001
9.366089,0.000001
9.365723,0.000001
9.365356,0.000001
9.364990,0.000001
9.364624,0.000001
9.364258,0.000001
9.363892,0.000001
9.363525,0.000001
9.363159,0.000001
9.362793,0.000001
9.362427,0.000001
9.362061,0.000001
9.361694,0.000001
9.361328,0.000001
9.360962,0.000001
9.360596,0.000001
9.360229,0.000001
9.359863,0.000001
9.359497,0.000001
9.359131,0.000001
9.358765,0.000001
9.358398,0.000001
9.358032,0.000001
9.357666,0.000001
9.357300,0.000001
9.356934,0.000001
9.356567,0.000001
9.356201,0.000001
9.355835,0.000001
9.355469,0.000002
9.355103,0.000002
9.354736,0.000002
9.354370,0.000002
9.354004,0.000002
9.353638,0.000002
9.353271,0.000002
9.352905,0.000002
9.352539,0.000002
9.352173,0.000002
9.351807,0.000002
9.351440,0.000002
9.351074,0.000002
9.350708,0.000002
9.350342,0.000002
9.349976,0.000002
9.349609,0.000002
9.349243,0.000002
9.348877,0.000002
9.348511,0.000002
9.348145,0.000002
9.347778,0.000002
9.347412,0.000002
9.347046,0.000002
9.346680,0.000002
9.346313,0.000002
9.345947,0.000002
9.345581,0.000002
9.345215,0.000002
9.344849,0.000002
9.344482,0.000002
9.344116,0.000002
9.343750,0.000002
9.343384,0.000002
9.343018,0.000002
9.342651,0.000002
9.342285,0.000002
9.341919,0.000002
9.341553,0.000002
9.341187,0.000002
9.340820,0.000002
9.340454,0.000002
9.340088,0.000002
9.339722,0.000002
9.339355,0.000002
9.338989,0.000002
9.338623,0.000002
9.338257,0.000002
9.337891,0.000002
9.337524,0.000002
9.337158,0.000002
9.336792,0.000002
9.336426,0.000002
9.336060,0.000002
9.335693,0.000002
9.335327,0.000002
9.334961,0.000002
9.334595,0.000002
9.334229,0.000002
9.333862,0.000002
9.333496,0.000002
9.333130,0.000002
9.332764,0.000002
9.332397,0.000002
9.332031,0.000002
9.331665,0.000002
9.331299,0.000002
9.330933,0.000002
9.330566,0.000002
9.330200,0.000002
9.329834,0.000002
9.329468,0.000002
9.329102,0.000002
9.328735,0.000002
9.328369,0.000002
9.328003,0.000002
9.327637,0.000002
9.327271,0.000002
9.326904,0.000002
9.326538,0.000002
9.326172,0.000002
9.325806,0.000002
9.325439,0.000002
9.325073,0.000002
9.324707,0.000002
9.324341,0.000002
9.323975,0.000002
9.323608,0.000002
9.323242,0.000002
9.322876,0.000002
9.322510,0.000002
9.322144,0.000002
9.321777,0.000002
9.321411,0.000002
9.321045,0.000002
9.320679,0.000002
9.320313,0.000002
9.319946,0.000002
9.319580,0.000002
9.319214,0.000002
9.318848,0.000002
9.318481,0.000002
9.318115,0.000002
9.317749,0.000002
9.317383,0.000002
9.317017,0.000002
9.316650,0.000002
9.316284,0.000002
9.315918,0.000002
9.315552,0.000002
9.315186,0.000002
9.314819,0.000002
9.314453,0.000002
9.314087,0.000002
9.313721,0.000002
9.313354,0.000002
9.312988,0.000002
9.312622,0.000002
9.312256,0.000002
9.311890,0.000002
9.311523,0.000002
9.311157,0.000002
9.310791,0.000002
9.310425,0.000002
9.310059,0.000002
9.309692,0.000002
9.309326,0.000002
9.308960,0.000002
9.308594,0.000002
9.308228,0.000002
9.307861,0.000002
9.307495,0.000002
9.307129,0.000002
9.306763,0.000002
9.306396,0.000002
9.306030,0.000002
9.305664,0.000002
9.305298,0.000002
9.304932,0.000002
9.304565,0.000002
9.304199,0.000002
9.303833,0.000002
9.303467,0.000002
9.303101,0.000002
9.302734,0.000002
9.302368,0.000002
9.302002,0.000002
9.301636,0.000002
9.301270,0.000002
9.300903,0.000002
9.300537,0.000002
9.300171,0.000002
9.299805,0.000002
9.299438,0.000002
9.299072,0.000002
9.298706,0.000002
9.298340,0.000002
9.297974,0.000002
9.297607,0.000002
9.297241,0.000002
9.296875,0.000002
9.296509,0.000002
9.296143,0.000002
9.295776,0.000002
9.295410,0.000002
9.295044,0.000002
9.294678,0.000002
9.294312,0.000002
9.293945,0.000002
9.293579,0.000002
9.293213,0.000002
9.292847,0.000002
9.292480,0.000002
9.292114,0.000002
9.291748,0.000002
9.291382,0.000002
9.291016,0.000002
9.290649,0.000002
9.290283,0.000002
9.289917,0.000002
9.289551,0.000002
9.289185,0.000002
9.288818,0.000002
9.288452,0.000003
9.288086,0.000003
9.287720,0.000003
9.287354,0.000003
9.286987,0.000003
9.286621,0.000003
9.286255,0.000003
9.285889,0.000003
9.285522,0.000003
9.285156,0.000003
9.284790,0.000003
9.284424,0.000003
9.284058,0.000003
9.283691,0.000003
9.283325,0.000003
9.282959,0.000003
9.282593,0.000003
9.282227,0.000003
9.281860,0.000003
9.281494,0.000003
9.281128,0.000003
9.280762,0.000003
9.280396,0.000003
9.280029,0.000003
9.279663,0.000003
9.279297,0.000003
9.278931,0.000003
9.278564,0.000003
9.278198,0.000003
9.277832,0.000003
9.277466,0.000003
9.277100,0.000003
9.276733,0.000003
9.276367,0.000003
9.276001,0.000003
9.275635,0.000003
9.275269,0.000003
9.274902,0.000003
9.274536,0.000003
9.274170,0.000003
9.273804,0.000003
9.273438,0.000003
9.273071,0.000003
9.272705,0.000003
9.272339,0.000003
9.271973,0.000003
9.271606,0.000003
9.271240,0.000003
9.270874,0.000003
9.270508,0.000003
9.270142,0.000003
9.269775,0.000003
9.269409,0.000003
9.269043,0.000003
9.268677,0.000003
9.268311,0.000003
9.267944,0.000003
9.267578,0.000003
9.267212,0.000003
9.266846,0.000003
9.266479,0.000003
9.266113,0.000003
9.265747,0.000003
9.265381,0.000003
9.265015,0.000003
9.264648,0.000003
9.264282,0.000003
9.263916,0.000003
9.263550,0.000003
9.263184,0.000003
9.262817,0.000003
9.262451,0.000003
9.262085,0.000003
9.261719,0.000003
9.261353,0.000003
9.260986,0.000003
9.260620,0.000003
9.260254,0.000003
9.259888,0.000003
9.259521,0.000003
9.259155,0.000003
9.258789,0.000003
9.258423,0.000003
9.258057,0.000003
9.257690,0.000003
9.257324,0.000003
9.256958,0.000003
9.256592,0.000003
9.256226,0.000003
9.255859,0.000003
9.255493,0.000003
9.255127,0.000003
9.254761,0.000003
9.254395,0.000003
9.254028,0.000003
9.253662,0.000003
9.253296,0.000003
9.252930,0.000004
9.252563,0.000004
9.252197,0.000004
9.251831,0.000004
9.251465,0.000004
9.251099,0.000004
9.250732,0.000004
9.250366,0.000004
9.250000,0.000004
9.249634,0.000004
9.249268,0.000004
9.248901,0.000004
9.248535,0.000004
9.248169,0.000004
9.247803,0.000004
9.247437,0.000004
9.247070,0.000004
9.246704,0.000004
9.246338,0.000004
9.245972,0.000004
9.245605,0.000004
9.245239,0.000004
9.244873,0.000004
9.244507,0.000004
9.244141,0.000004
9.243774,0.000004
9.243408,0.000004
9.243042,0.000004
9.242676,0.000004
9.242310,0.000004
9.241943,0.000004
9.241577,0.000004
9.241211,0.000004
9.240845,0.000004
9.240479,0.000004
9.240112,0.000004
9.239746,0.000004
9.239380,0.000004
9.239014,0.000004
9.238647,0.000004
9.238281,0.000004
9.237915,0.000004
9.237549,0.000004
9.237183,0.000004
9.236816,0.000004
9.236450,0.000004
9.236084,0.000004
9.235718,0.000004
9.235352,0.000004
9.234985,0.000004
9.234619,0.000004
9.234253,0.000004
9.233887,0.000004
9.233521,0.000004
9.233154,0.000004
9.232788,0.000004
9.232422,0.000004
9.232056,0.000004
9.231689,0.000004
9.231323,0.000004
9.230957,0.000004
9.230591,0.000004
9.230225,0.000005
9.229858,0.000005
9.229492,0.000005
9.229126,0.000005
9.228760,0.000005
9.228394,0.000005
9.228027,0.000005
9.227661,0.000005
9.227295,0.000005
9.226929,0.000005
9.226563,0.000005
9.226196,0.000005
9.225830,0.000005
9.225464,0.000005
9.225098,0.000005
9.224731,0.000005
9.224365,0.000005
9.223999,0.000005
9.223633,0.000005
9.223267,0.000005
9.222900,0.000005
9.222534,0.000005
9.222168,0.000005
9.221802,0.000005
9.221436,0.000005
9.221069,0.000005
9.220703,0.000005
9.220337,0.000005
9.219971,0.000005
9.219604,0.000005
9.219238,0.000005
9.218872,0.000005
9.218506,0.000005
9.218140,0.000005
9.217773,0.000005
9.217407,0.000005
9.217041,0.000005
9.216675,0.000005
9.216309,0.000005
9.215942,0.000005
9.215576,0.000005
9.215210,0.000005
9.214844,0.000005
9.214478,0.000005
9.214111,0.000005
9.213745,0.000006
9.213379,0.000006
9.213013,0.000006
9.212646,0.000006
9.212280,0.000006
9.211914,0.000006
9.211548,0.000006
9.211182,0.000006
9.210815,0.000006
9.210449,0.000006
9.210083,0.000006
9.209717,0.000006
9.209351,0.000006
9.208984,0.000006
9.208618,0.000006
9.208252,0.000006
9.207886,0.000006
9.207520,0.000006
9.207153,0.000006
9.206787,0.000006
9.206421,0.000006
9.206055,0.000006
9.205688,0.000006
9.205322,0.000006
9.204956,0.000006
9.204590,0.000006
9.204224,0.000006
9.203857,0.000006
9.203491,0.000006
9.203125,0.000006
9.202759,0.000006
9.202393,0.000006
9.202026,0.000006
9.201660,0.000006
9.201294,0.000007
9.200928,0.000007
9.200562,0.000007
9.200195,0.000007
9.199829,0.000007
9.199463,0.000007
9.199097,0.000007
9.198730,0.000007
9.198364,0.000007
9.197998,0.000007
9.197632,0.000007
9.197266,0.000007
9.196899,0.000007
9.196533,0.000007
9.196167,0.000007
9.195801,0.000007
9.195435,0.000007
9.195068,0.000007
9.194702,0.000007
9.194336,0.000007
9.193970,0.000007
9.193604,0.000007
9.193237,0.000007
9.192871,0.000007
9.192505,0.000007
9.192139,0.000007
9.191772,0.000008
9.191406,0.000008
9.191040,0.000008
9.190674,0.000008
9.190308,0.000008
9.189941,0.000008
9.189575,0.000008
9.189209,0.000008
9.188843,0.000008
9.188477,0.000008
9.188110,0.000008
9.187744,0.000008
9.187378,0.000008
9.187012,0.000008
9.186646,0.000008
9.186279,0.000008
9.185913,0.000008
9.185547,0.000008
9.185181,0.000008
9.184814,0.000008
9.184448,0.000008
9.184082,0.000008
9.183716,0.000009
9.183350,0.000009
9.182983,0.000009
9.182617,0.000009
9.182251,0.000009
9.181885,0.000009
9.181519,0.000009
9.181152,0.000009
9.180786,0.000009
9.180420,0.000009
9.180054,0.000009
9.179688,0.000009
9.179321,0.000009
9.178955,0.000009
9.178589,0.000009
9.178223,0.000009
9.177856,0.000009
9.177490,0.000009
9.177124,0.000009
9.176758,0.000010
9.176392,0.000010
9.176025,0.000010
9.175659,0.000010
9.175293,0.000010
9.174927,0.000010
9.174561,0.000010
9.174194,0.000010
9.173828,0.000010
9.173462,0.000010
9.173096,0.000010
9.172729,0.000010
9.172363,0.000010
9.171997,0.000010
9.171631,0.000010
9.171265,0.000011
9.170898,0.000011
9.170532,0.000011
9.170166,0.000011
9.169800,0.000011
9.169434,0.000011
9.169067,0.000011
9.168701,0.000011
9.168335,0.000011
9.167969,0.000011
9.167603,0.000011
9.167236,0.000011
9.166870,0.000011
9.166504,0.000011
9.166138,0.000012
9.165771,0.000012
9.165405,0.000012
9.165039,0.000012
9.164673,0.000012
9.164307,0.000012
9.163940,0.000012
9.163574,0.000012
9.163208,0.000012
9.162842,0.000012
9.162476,0.000012
9.162109,0.000012
9.161743,0.000013
9.161377,0.000013
9.161011,0.000013
9.160645,0.000013
9.160278,0.000013
9.159912,0.000013
9.159546,0.000013
9.159180,0.000013
9.158813,0.000013
9.158447,0.000013
9.158081,0.000014
9.157715,0.000014
9.157349,0.000014
9.156982,0.000014
9.156616,0.000014
9.156250,0.000014
9.155884,0.000014
9.155518,0.000014
9.155151,0.000014
9.154785,0.000014
9.154419,0.000015
9.154053,0.000015
9.153687,0.000015
9.153320,0.000015
9.152954,0.000015
9.152588,0.000015
9.152222,0.000015
9.151855,0.000015
9.151489,0.000016
9.151123,0.000016
9.150757,0.000016
9.150391,0.000016
9.150024,0.000016
9.149658,0.000016
9.149292,0.000016
9.148926,0.000016
9.148560,0.000017
9.148193,0.000017
9.147827,0.000017
9.147461,0.000017
9.147095,0.000017
9.146729,0.000017
9.146362,0.000017
9.145996,0.000018
9.145630,0.000018
9.145264,0.000018
9.144897,0.000018
9.144531,0.000018
9.144165,0.000018
9.143799,0.000018
9.143433,0.000019
9.143066,0.000019
9.142700,0.000019
9.142334,0.000019
9.141968,0.000019
9.141602,0.000019
9.141235,0.000020
9.140869,0.000020
9.140503,0.000020
9.140137,0.000020
9.139771,0.000020
9.139404,0.000021
9.139038,0.000021
9.138672,0.000021
9.138306,0.000021
9.137939,0.000021
9.137573,0.000022
9.137207,0.000022
9.136841,0.000022
9.136475,0.000022
9.136108,0.000022
9.135742,0.000023
9.135376,0.000023
9.135010,0.000023
9.134644,0.000023
9.134277,0.000023
9.133911,0.000024
9.133545,0.000024
9.133179,0.000024
9.132813,0.000024
9.132446,0.000025
9.132080,0.000025
9.131714,0.000025
9.131348,0.000025
9.130981,0.000026
9.130615,0.000026
9.130249,0.000026
9.129883,0.000027
9.129517,0.000027
9.129150,0.000027
9.128784,0.000027
9.128418,0.000028
9.128052,0.000028
9.127686,0.000028
9.127319,0.000029
9.126953,0.000029
9.126587,0.000029
9.126221,0.000030
9.125854,0.000030
9.125488,0.000030
9.125122,0.000031
9.124756,0.000031
9.124390,0.000031
9.124023,0.000032
9.123657,0.000032
9.123291,0.000032
9.122925,0.000033
9.122559,0.000033
9.122192,0.000033
9.121826,0.000034
9.121460,0.000034
9.121094,0.000035
9.120728,0.000035
9.120361,0.000035
9.119995,0.000036
9.119629,0.000036
9.119263,0.000037
9.118896,0.000037
9.118530,0.000038
9.118164,0.000038
9.117798,0.000039
9.117432,0.000039
9.117065,0.000040
9.116699,0.000040
9.116333,0.000041
9.115967,0.000041
9.115601,0.000042
9.115234,0.000042
9.114868,0.000043
9.114502,0.000043
9.114136,0.000044
9.113770,0.000045
9.113403,0.000045
9.113037,0.000046
9.112671,0.000046
9.112305,0.000047
9.111938,0.000048
9.111572,0.000048
9.111206,0.000049
9.110840,0.000050
9.110474,0.000051
9.110107,0.000051
9.109741,0.000052
9.109375,0.000053
9.109009,0.000054
9.108643,0.000054
9.108276,0.000055
9.107910,0.000056
9.107544,0.000057
9.107178,0.000058
9.106812,0.000059
9.106445,0.000060
9.106079,0.000061
9.105713,0.000062
9.105347,0.000063
9.104980,0.000064
9.104614,0.000065
9.104248,0.000066
9.103882,0.000067
9.103516,0.000068
9.103149,0.000069
9.102783,0.000070
9.102417,0.000071
9.102051,0.000073
9.101685,0.000074
9.101318,0.000075
9.100952,0.000077
9.100586,0.000078
9.100220,0.000079
9.099854,0.000081
9.099487,0.000082
9.099121,0.000084
9.098755,0.000085
9.098389,0.000087
9.098022,0.000089
9.097656,0.000090
9.097290,0.000092
9.096924,0.000094
9.096558,0.000096
9.096191,0.000098
9.095825,0.000100
9.095459,0.000102
9.095093,0.000104
9.094727,0.000106
9.094360,0.000108
9.093994,0.000111
9.093628,0.000113
9.093262,0.000115
9.092896,0.000118
9.092529,0.000121
9.092163,0.000123
9.091797,0.000126
9.091431,0.000129
9.091064,0.000132
9.090698,0.000135
9.090332,0.000138
9.089966,0.000142
9.089600,0.000145
9.089233,0.000149
9.088867,0.000153
9.088501,0.000157
9.088135,0.000161
9.087769,0.000165
9.087402,0.000169
9.087036,0.000174
9.086670,0.000178
9.086304,0.000183
9.085938,0.000188
9.085571,0.000194
9.085205,0.000199
9.084839,0.000205
9.084473,0.000211
9.084106,0.000218
9.083740,0.000224
9.083374,0.000231
9.083008,0.000238
9.082642,0.000246
9.082275,0.000254
9.081909,0.000262
9.081543,0.000271
9.081177,0.000281
9.080811,0.000290
9.080444,0.000301
9.080078,0.000311
9.079712,0.000323
9.079346,0.000335
9.078979,0.000348
9.078613,0.000361
9.078247,0.000375
9.077881,0.000390
9.077515,0.000406
9.077148,0.000424
9.076782,0.000442
9.076416,0.000461
9.076050,0.000482
9.075684,0.000504
9.075317,0.000528
9.074951,0.000553
9.074585,0.000580
9.074219,0.000609
9.073853,0.000641
9.073486,0.000675
9.073120,0.000712
9.072754,0.000752
9.072388,0.000795
9.072021,0.000843
9.071655,0.000894
9.071289,0.000951
9.070923,0.001013
9.070557,0.001081
9.070190,0.001157
9.069824,0.001240
9.069458,0.001333
9.069092,0.001437
9.068726,0.001554
9.068359,0.001685
9.067993,0.001833
9.067627,0.002002
9.067261,0.002196
9.066895,0.002419
9.066528,0.002677
9.066162,0.002979
9.065796,0.003334
9.065430,0.003757
9.065063,0.004265
9.064697,0.004883
9.064331,0.005645
9.063965,0.006597
9.063599,0.007809
9.063232,0.009383
9.062866,0.011475
9.062500,0.014336
9.062134,0.018378
9.061768,0.024323
9.061401,0.033488
9.061035,0.048414
9.060669,0.074104
9.060303,0.119333
9.059937,0.188284
9.059570,0.233197
9.059204,0.188284
9.058838,0.119333
9.058472,0.074104
9.058105,0.048414
9.057739,0.033488
9.057373,0.024323
9.057007,0.018378
9.056641,0.014336
9.056274,0.011475
9.055908,0.009383
9.055542,0.007809
9.055176,0.006597
9.054810,0.005645
9.054443,0.004883
9.054077,0.004265
9.053711,0.003757
9.053345,0.003334
9.052979,0.002979
9.052612,0.002677
9.052246,0.002419
9.051880,0.002196
9.051514,0.002002
9.051147,0.001833
9.050781,0.001685
9.050415,0.001554
9.050049,0.001437
9.049683,0.001333
9.049316,0.001240
9.048950,0.001157
9.048584,0.001081
9.048218,0.001013
9.047852,0.000951
9.047485,0.000894
9.047119,0.000843
9.046753,0.000795
9.046387,0.000752
9.046021,0.000712
9.045654,0.000675
9.045288,0.000641
9.044922,0.000609
9.044556,0.000580
9.044189,0.000553
9.043823,0.000528
9.043457,0.000504
9.043091,0.000482
9.042725,0.000461
9.042358,0.000442
9.041992,0.000424
9.041626,0.000406
9.041260,0.000390
9.040894,0.000375
9.040527,0.000361
9.040161,0.000348
9.039795,0.000335
9.039429,0.000323
9.039063,0.000311
9.038696,0.000301
9.038330,0.000290
9.037964,0.000281
9.037598,0.000271
9.037231,0.000262
9.036865,0.000254
9.036499,0.000246
9.036133,0.000238
9.035767,0.000231
9.035400,0.000224
9.035034,0.000218
9.034668,0.000211
9.034302,0.000205
9.033936,0.000199
9.033569,0.000194
9.033203,0.000188
9.032837,0.000183
9.032471,0.000178
9.032104,0.000174
9.031738,0.000169
9.031372,0.000165
9.031006,0.000161
9.030640,0.000157
9.030273,0.000153
9.029907,0.000149
9.029541,0.000145
9.029175,0.000142
9.028809,0.000138
9.028442,0.000135
9.028076,0.000132
9.027710,0.000129
9.027344,0.000126
9.026978,0.000123
9.026611,0.000121
9.026245,0.000118
9.025879,0.000115
9.025513,0.000113
9.025146,0.000111
9.024780,0.000108
9.024414,0.000106
9.024048,0.000104
9.023682,0.000102
9.023315,0.000100
9.022949,0.000098
9.022583,0.000096
9.022217,0.000094
9.021851,0.000092
9.021484,0.000090
9.021118,0.000089
9.020752,0.000087
9.020386,0.000085
9.020020,0.000084
9.019653,0.000082
9.019287,0.000081
9.018921,0.000079
9.018555,0.000078
9.018188,0.000077
9.017822,0.000075
9.017456,0.000074
9.017090,0.000073
9.016724,0.000071
9.016357,0.000070
9.015991,0.000069
9.015625,0.000068
9.015259,0.000067
9.014893,0.000066
9.014526,0.000065
9.014160,0.000064
9.013794,0.000063
9.013428,0.000062
9.013062,0.000061
9.012695,0.000060
9.012329,0.000059
9.011963,0.000058
9.011597,0.000057
9.011230,0.000056
9.010864,0.000055
9.010498,0.000054
9.010132,0.000054
9.009766,0.000053
9.009399,0.000052
9.009033,0.000051
9.008667,0.000051
9.008301,0.000050
9.007935,0.000049
9.007568,0.000048
9.007202,0.000048
9.006836,0.000047
9.006470,0.000046
9.006104,0.000046
9.005737,0.000045
9.005371,0.000045
9.005005,0.000044
9.004639,0.000043
9.004272,0.000043
9.003906,0.000042
9.003540,0.000042
9.003174,0.000041
9.002808,0.000041
9.002441,0.000040
9.002075,0.000040
9.001709,0.000039
9.001343,0.000039
9.000977,0.000038
9.000610,0.000038
9.000244,0.000037
8.999878,0.000037
8.999512,0.000036
8.999146,0.000036
8.998779,0.000035
8.998413,0.000035
8.998047,0.000035
8.997681,0.000034
8.997314,0.000034
8.996948,0.000033
8.996582,0.000033
8.996216,0.000033
8.995850,0.000032
8.995483,0.000032
8.995117,0.000032
8.994751,0.000031
8.994385,0.000031
8.994019,0.000031
8.993652,0.000030
8.993286,0.000030
8.992920,0.000030
8.992554,0.000029
8.992188,0.000029
8.991821,0.000029
8.991455,0.000028
8.991089,0.000028
8.990723,0.000028
8.990356,0.000027
8.989990,0.000027
8.989624,0.000027
8.989258,0.000027
8.988892,0.000026
8.988525,0.000026
8.988159,0.000026
8.987793,0.000025
8.987427,0.000025
8.987061,0.000025
8.986694,0.000025
8.986328,0.000024
8.985962,0.000024
8.985596,0.000024
8.985229,0.000024
8.984863,0.000023
8.984497,0.000023
8.984131,0.000023
8.983765,0.000023
8.983398,0.000023
8.983032,0.000022
8.982666,0.000022
8.982300,0.000022
8.981934,0.000022
8.981567,0.000022
8.981201,0.000021
8.980835,0.000021
8.980469,0.000021
8.980103,0.000021
8.979736,0.000021
8.979370,0.000020
8.979004,0.000020
8.978638,0.000020
8.978271,0.000020
8.977905,0.000020
8.977539,0.000019
8.977173,0.000019
8.976807,0.000019
8.976440,0.000019
8.976074,0.000019
8.975708,0.000019
8.975342,0.000018
8.974976,0.000018
8.974609,0.000018
8.974243,0.000018
8.973877,0.000018
8.973511,0.000018
8.973145,0.000018
8.972778,0.000017
8.972412,0.000017
8.972046,0.000017
8.971680,0.000017
8.971313,0.000017
8.970947,0.000017
8.970581,0.000017
8.970215,0.000016
8.969849,0.000016
8.969482,0.000016
8.969116,0.000016
8.968750,0.000016
8.968384,0.000016
8.968018,0.000016
8.967651,0.000016
8.967285,0.000015
8.966919,0.000015
8.966553,0.000015
8.966187,0.000015
8.965820,0.000015
8.965454,0.000015
8.965088,0.000015
8.964722,0.000015
8.964355,0.000014
8.963989,0.000014
8.963623,0.000014
8.963257,0.000014
8.962891,0.000014
8.962524,0.000014
8.962158,0.000014
8.961792,0.000014
8.961426,0.000014
8.961060,0.000014
8.960693,0.000013
8.960327,0.000013
8.959961,0.000013
8.959595,0.000013
8.959229,0.000013
8.958862,0.000013
8.958496,0.000013
8.958130,0.000013
8.957764,0.000013
8.957397,0.000013
8.957031,0.000012
8.956665,0.000012
8.956299,0.000012
8.955933,0.000012
8.955566,0.000012
8.955200,0.000012
8.954834,0.000012
8.954468,0.000012
8.954102,0.000012
8.953735,0.000012
8.953369,0.000012
8.953003,0.000012
8.952637,0.000011
8.952271,0.000011
8.951904,0.000011
8.951538,0.000011
8.951172,0.000011
8.950806,0.000011
8.950439,0.000011
8.950073,0.000011
8.949707,0.000011
8.949341,0.000011
8.948975,0.000011
8.948608,0.000011
8.948242,0.000011
8.947876,0.000011
8.947510,0.000010
8.947144,0.000010
8.946777,0.000010
8.946411,0.000010
8.946045,0.000010
8.945679,0.000010
8.945313,0.000010
8.944946,0.000010
8.944580,0.000010
8.944214,0.000010
8.943848,0.000010
8.943481,0.000010
8.943115,0.000010
8.942749,0.000010
8.942383,0.000010
8.942017,0.000009
8.941650,0.000009
8.941284,0.000009
8.940918,0.000009
8.940552,0.000009
8.940186,0.000009
8.939819,0.000009
8.939453,0.000009
8.939087,0.000009
8.938721,0.000009
8.938354,0.000009
8.937988,0.000009
8.937622,0.000009
8.937256,0.000009
8.936890,0.000009
8.936523,0.000009
8.936157,0.000009
8.935791,0.000009
8.935425,0.000009
8.935059,0.000008
8.934692,0.000008
8.934326,0.000008
8.933960,0.000008
8.933594,0.000008
8.933228,0.000008
8.932861,0.000008
8.932495,0.000008
8.932129,0.000008
8.931763,0.000008
8.931396,0.000008
8.931030,0.000008
8.930664,0.000008
8.930298,0.000008
8.929932,0.000008
8.929565,0.000008
8.929199,0.000008
8.928833,0.000008
8.928467,0.000008
8.928101,0.000008
8.927734,0.000008
8.927368,0.000008
8.927002,0.000007
8.926636,0.000007
8.926270,0.000007
8.925903,0.000007
8.925537,0.000007
8.925171,0.000007
8.924805,0.000007
8.924438,0.000007
8.924072,0.000007
8.923706,0.000007
8.923340,0.000007
8.922974,0.000007
8.922607,0.000007
8.922241,0.000007
8.921875,0.000007
8.921509,0.000007
8.921143,0.000007
8.920776,0.000007
8.920410,0.000007
8.920044,0.000007
8.919678,0.000007
8.919312,0.000007
8.918945,0.000007
8.918579,0.000007
8.918213,0.000007
8.917847,0.000007
8.917480,0.000006
8.917114,0.000006
8.916748,0.000006
8.916382,0.000006
8.916016,0.000006
8.915649,0.000006
8.915283,0.000006
8.914917,0.000006
8.914551,0.000006
8.914185,0.000006
8.913818,0.000006
8.913452,0.000006
8.913086,0.000006
8.912720,0.000006
8.912354,0.000006
8.911987,0.000006
8.911621,0.000006
8.911255,0.000006
8.910889,0.000006
8.910522,0.000006
8.910156,0.000006
8.909790,0.000006
8.909424,0.000006
8.909058,0.000006
8.908691,0.000006
8.908325,0.000006
8.907959,0.000006
8.907593,0.000006
8.907227,0.000006
8.906860,0.000006
8.906494,0.000006
8.906128,0.000006
8.905762,0.000006
8.905396,0.000006
8.905029,0.000005
8.904663,0.000005
8.904297,0.000005
8.903931,0.000005
8.903564,0.000005
8.903198,0.000005
8.902832,0.000005
8.902466,0.000005
8.902100,0.000005
8.901733,0.000005
8.901367,0.000005
8.901001,0.000005
8.900635,0.000005
8.900269,0.000005
8.899902,0.000005
8.899536,0.000005
8.899170,0.000005
8.898804,0.000005
8.898438,0.000005
8.898071,0.000005
8.897705,0.000005
8.897339,0.000005
8.896973,0.000005
8.896606,0.000005
8.896240,0.000005
8.895874,0.000005
8.895508,0.000005
8.895142,0.000005
8.894775,0.000005
8.894409,0.000005
8.894043,0.000005
8.893677,0.000005
8.893311,0.000005
8.892944,0.000005
8.892578,0.000005
8.892212,0.000005
8.891846,0.000005
8.891479,0.000005
8.891113,0.000005
8.890747,0.000005
8.890381,0.000005
8.890015,0.000005
8.889648,0.000005
8.889282,0.000005
8.888916,0.000005
8.888550,0.000004
8.888184,0.000004
8.887817,0.000004
8.887451,0.000004
8.887085,0.000004
8.886719,0.000004
8.886353,0.000004
8.885986,0.000004
8.885620,0.000004
8.885254,0.000004
8.884888,0.000004
8.884521,0.000004
8.884155,0.000004
8.883789,0.000004
8.883423,0.000004
8.883057,0.000004
8.882690,0.000004
8.882324,0.000004
8.881958,0.000004
8.881592,0.000004
8.881226,0.000004
8.880859,0.000004
8.880493,0.000004
8.880127,0.000004
8.879761,0.000004
8.879395,0.000004
8.879028,0.000004
8.878662,0.000004
8.878296,0.000004
8.877930,0.000004
8.877563,0.000004
8.877197,0.000004
8.876831,0.000004
8.876465,0.000004
8.876099,0.000004
8.875732,0.000004
8.875366,0.000004
8.875000,0.000004
8.874634,0.000004
8.874268,0.000004
8.873901,0.000004
8.873535,0.000004
8.873169,0.000004
8.872803,0.000004
8.872437,0.000004
8.872070,0.000004
8.871704,0.000004
8.871338,0.000004
8.870972,0.000004
8.870605,0.000004
8.870239,0.000004
8.869873,0.000004
8.869507,0.000004
8.869141,0.000004
8.868774,0.000004
8.868408,0.000004
8.868042,0.000004
8.867676,0.000004
8.867310,0.000004
8.866943,0.000004
8.866577,0.000004
8.866211,0.000004
8.865845,0.000003
8.865479,0.000003
8.865112,0.000003
8.864746,0.000003
8.864380,0.000003
8.864014,0.000003
8.863647,0.000003
8.863281,0.000003
8.862915,0.000003
8.862549,0.000003
8.862183,0.000003
8.861816,0.000003
8.861450,0.000003
8.861084,0.000003
8.860718,0.000003
8.860352,0.000003
8.859985,0.000003
8.859619,0.000003
8.859253,0.000003
8.858887,0.000003
8.858521,0.000003
8.858154,0.000003
8.857788,0.000003
8.857422,0.000003
8.857056,0.000003
8.856689,0.000003
8.856323,0.000003
8.855957,0.000003
8.855591,0.000003
8.855225,0.000003
8.854858,0.000003
8.854492,0.000003
8.854126,0.000003
8.853760,0.000003
8.853394,0.000003
8.853027,0.000003
8.852661,0.000003
8.852295,0.000003
8.851929,0.000003
8.851563,0.000003
8.851196,0.000003
8.850830,0.000003
8.850464,0.000003
8.850098,0.000003
8.849731,0.000003
8.849365,0.000003
8.848999,0.000003
8.848633,0.000003
8.848267,0.000003
8.847900,0.000003
8.847534,0.000003
8.847168,0.000003
8.846802,0.000003
8.846436,0.000003
8.846069,0.000003
8.845703,0.000003
8.845337,0.000003
8.844971,0.000003
8.844604,0.000003
8.844238,0.000003
8.843872,0.000003
8.843506,0.000003
8.843140,0.000003
8.842773,0.000003
8.842407,0.000003
8.842041,0.000003
8.841675,0.000003
8.841309,0.000003
8.840942,0.000003
8.840576,0.000003
8.840210,0.000003
8.839844,0.000003
8.839478,0.000003
8.839111,0.000003
8.838745,0.000003
8.838379,0.000003
8.838013,0.000003
8.837646,0.000003
8.837280,0.000003
8.836914,0.000003
8.836548,0.000003
8.836182,0.000003
8.835815,0.000003
8.835449,0.000003
8.835083,0.000003
8.834717,0.000003
8.834351,0.000003
8.833984,0.000003
8.833618,0.000003
8.833252,0.000003
8.832886,0.000003
8.832520,0.000003
8.832153,0.000003
8.831787,0.000003
8.831421,0.000003
8.831055,0.000003
8.830688,0.000003
8.830322,0.000002
8.829956,0.000002
8.829590,0.000002
8.829224,0.000002
8.828857,0.000002
8.828491,0.000002
8.828125,0.000002
8.827759,0.000002
8.827393,0.000002
8.827026,0.000002
8.826660,0.000002
8.826294,0.000002
8.825928,0.000002
8.825562,0.000002
8.825195,0.000002
8.824829,0.000002
8.824463,0.000002
8.824097,0.000002
8.823730,0.000002
8.823364,0.000002
8.822998,0.000002
8.822632,0.000002
8.822266,0.000002
8.821899,0.000002
8.821533,0.000002
8.821167,0.000002
8.820801,0.000002
8.820435,0.000002
8.820068,0.000002
8.819702,0.000002
8.819336,0.000002
8.818970,0.000002
8.818604,0.000002
8.818237,0.000002
8.817871,0.000002
8.817505,0.000002
8.817139,0.000002
8.816772,0.000002
8.816406,0.000002
8.816040,0.000002
8.815674,0.000002
8.815308,0.000002
8.814941,0.000002
8.814575,0.000002
8.814209,0.000002
8.813843,0.000002
8.813477,0.000002
8.813110,0.000002
8.812744,0.000002
8.812378,0.000002
8.812012,0.000002
8.811646,0.000002
8.811279,0.000002
8.810913,0.000002
8.810547,0.000002
8.810181,0.000002
8.809814,0.000002
8.809448,0.000002
8.809082,0.000002
8.808716,0.000002
8.808350,0.000002
8.807983,0.000002
8.807617,0.000002
8.807251,0.000002
8.806885,0.000002
8.806519,0.000002
8.806152,0.000002
8.805786,0.000002
8.805420,0.000002
8.805054,0.000002
8.804688,0.000002
8.804321,0.000002
8.803955,0.000002
8.803589,0.000002
8.803223,0.000002
8.802856,0.000002
8.802490,0.000002
8.802124,0.000002
8.801758,0.000002
8.801392,0.000002
8.801025,0.000002
8.800659,0.000002
8.800293,0.000002
8.799927,0.000002
8.799561,0.000002
8.799194,0.000002
8.798828,0.000002
8.798462,0.000002
8.798096,0.000002
8.797729,0.000002
8.797363,0.000002
8.796997,0.000002
8.796631,0.000002
8.796265,0.000002
8.795898,0.000002
8.795532,0.000002
8.795166,0.000002
8.794800,0.000002
8.794434,0.000002
8.794067,0.000002
8.793701,0.000002
8.793335,0.000002
8.792969,0.000002
8.792603,0.000002
8.792236,0.000002
8.791870,0.000002
8.791504,0.000002
8.791138,0.000002
8.790771,0.000002
8.790405,0.000002
8.790039,0.000002
8.789673,0.000002
8.789307,0.000002
8.788940,0.000002
8.788574,0.000002
8.788208,0.000002
8.787842,0.000002
8.787476,0.000002
8.787109,0.000002
8.786743,0.000002
8.786377,0.000002
8.786011,0.000002
8.785645,0.000002
8.785278,0.000002
8.784912,0.000002
8.784546,0.000002
8.784180,0.000002
8.783813,0.000002
8.783447,0.000002
8.783081,0.000002
8.782715,0.000002
8.782349,0.000002
8.781982,0.000002
8.781616,0.000002
8.781250,0.000002
8.780884,0.000002
8.780518,0.000002
8.780151,0.000002
8.779785,0.000002
8.779419,0.000002
8.779053,0.000002
8.778687,0.000002
8.778320,0.000002
8.777954,0.000002
8.777588,0.000002
8.777222,0.000002
8.776855,0.000002
8.776489,0.000002
8.776123,0.000002
8.775757,0.000002
8.775391,0.000002
8.775024,0.000002
8.774658,0.000002
8.774292,0.000002
8.773926,0.000002
8.773560,0.000002
8.773193,0.000002
8.772827,0.000002
8.772461,0.000002
8.772095,0.000002
8.771729,0.000002
8.771362,0.000002
8.770996,0.000002
8.770630,0.000002
8.770264,0.000002
8.769897,0.000002
8.769531,0.000002
8.769165,0.000002
8.768799,0.000002
8.768433,0.000002
8.768066,0.000002
8.767700,0.000002
8.767334,0.000002
8.766968,0.000002
8.766602,0.000002
8.766235,0.000002
8.765869,0.000002
8.765503,0.000002
8.765137,0.000002
8.764771,0.000002
8.764404,0.000002
8.764038,0.000002
8.763672,0.000002
8.763306,0.000001
8.762939,0.000001
8.762573,0.000001
8.762207,0.000001
8.761841,0.000001
8.761475,0.000001
8.761108,0.000001
8.760742,0.000001
8.760376,0.000001
8.760010,0.000001
8.759644,0.000001
8.759277,0.000001
8.758911,0.000001
8.758545,0.000001
8.758179,0.000001
8.757813,0.000001
8.757446,0.000001
8.757080,0.000001
8.756714,0.000001
8.756348,0.000001
8.755981,0.000001
8.755615,0.000001
8.755249,0.000001
8.754883,0.000001
8.754517,0.000001
8.754150,0.000001
8.753784,0.000001
8.753418,0.000001
8.753052,0.000001
8.752686,0.000001
8.752319,0.000001
8.751953,0.000001
8.751587,0.000001
8.751221,0.000001
8.750854,0.000001
8.750488,0.000001
8.750122,0.000001
8.749756,0.000001
8.749390,0.000001
8.749023,0.000001
8.748657,0.000001
8.748291,0.000001
8.747925,0.000001
8.747559,0.000001
8.747192,0.000001
8.746826,0.000001
8.746460,0.000001
8.746094,0.000001
8.745728,0.000001
8.745361,0.000001
8.744995,0.000001
8.744629,0.000001
8.744263,0.000001
8.743896,0.000001
8.743530,0.000001
8.743164,0.000001
8.742798,0.000001
8.742432,0.000001
8.742065,0.000001
8.741699,0.000001
8.741333,0.000001
8.740967,0.000001
8.740601,0.000001
8.740234,0.000001
8.739868,0.000001
8.739502,0.000001
8.739136,0.000001
8.738770,0.000001
8.738403,0.000001
8.738037,0.000001
8.737671,0.000001
8.737305,0.000001
8.736938,0.000001
8.736572,0.000001
8.736206,0.000001
8.735840,0.000001
8.735474,0.000001
8.735107,0.000001
8.734741,0.000001
8.734375,0.000001
8.734009,0.000001
8.733643,0.000001
8.733276,0.000001
8.732910,0.000001
8.732544,0.000001
8.732178,0.000001
8.731812,0.000001
8.731445,0.000001
8.731079,0.000001
8.730713,0.000001
8.730347,0.000001
8.729980,0.000001
8.729614,0.000001
8.729248,0.000001
8.728882,0.000001
8.728516,0.000001
8.728149,0.000001
8.727783,0.000001
8.727417,0.000001
8.727051,0.000001
8.726685,0.000001
8.726318,0.000001
8.725952,0.000001
8.725586,0.000001
8.725220,0.000001
8.724854,0.000001
8.724487,0.000001
8.724121,0.000001
8.723755,0.000001
8.723389,0.000001
8.723022,0.000001
8.722656,0.000001
8.722290,0.000001
8.721924,0.000001
8.721558,0.000001
8.721191,0.000001
8.720825,0.000001
8.720459,0.000001
8.720093,0.000001
8.719727,0.000001
8.719360,0.000001
8.718994,0.000001
8.718628,0.000001
8.718262,0.000001
8.717896,0.000001
8.717529,0.000001
8.717163,0.000001
8.716797,0.000001
8.716431,0.000001
8.716064,0.000001
8.715698,0.000001
8.715332,0.000001
8.714966,0.000001
8.714600,0.000001
8.714233,0.000001
8.713867,0.000001
8.713501,0.000001
8.713135,0.000001
8.712769,0.000001
8.712402,0.000001
8.712036,0.000001
8.711670,0.000001
8.711304,0.000001
8.710938,0.000001
8.710571,0.000001
8.710205,0.000001
8.709839,0.000001
8.709473,0.000001
8.709106,0.000001
8.708740,0.000001
8.708374,0.000001
8.708008,0.000001
8.707642,0.000001
8.707275,0.000001
8.706909,0.000001
8.706543,0.000001
8.706177,0.000001
8.705811,0.000001
8.705444,0.000001
8.705078,0.000001
8.704712,0.000001
8.704346,0.000001
8.703979,0.000001
8.703613,0.000001
8.703247,0.000001
8.702881,0.000001
8.702515,0.000001
8.702148,0.000001
8.701782,0.000001
8.701416,0.000001
8.701050,0.000001
8.700684,0.000001
8.700317,0.000001
8.699951,0.000001
8.699585,0.000001
8.699219,0.000001
8.698853,0.000001
8.698486,0.000001
8.698120,0.000001
8.697754,0.000001
8.697388,0.000001
8.697021,0.000001
8.696655,0.000001
8.696289,0.000001
8.695923,0.000001
8.695557,0.000001
8.695190,0.000001
8.694824,0.000001
8.694458,0.000001
8.694092,0.000001
8.693726,0.000001
8.693359,0.000001
8.692993,0.000001
8.692627,0.000001
8.692261,0.000001
8.691895,0.000001
8.691528,0.000001
8.691162,0.000001
8.690796,0.000001
8.690430,0.000001
8.690063,0.000001
8.689697,0.000001
8.689331,0.000001
8.688965,0.000001
8.688599,0.000001
8.688232,0.000001
8.687866,0.000001
8.687500,0.000001
8.687134,0.000001
8.686768,0.000001
8.686401,0.000001
8.686035,0.000001
8.685669,0.000001
8.685303,0.000001
8.684937,0.000001
8.684570,0.000001
8.684204,0.000001
8.683838,0.000001
8.683472,0.000001
8.683105,0.000001
8.682739,0.000001
8.682373,0.000001
8.682007,0.000001
8.681641,0.000001
8.681274,0.000001
8.680908,0.000001
8.680542,0.000001
8.680176,0.000001
8.679810,0.000001
8.679443,0.000001
8.679077,0.000001
8.678711,0.000001
8.678345,0.000001
8.677979,0.000001
8.677612,0.000001
8.677246,0.000001
8.676880,0.000001
8.676514,0.000001
8.676147,0.000001
8.675781,0.000001
8.675415,0.000001
8.675049,0.000001
8.674683,0.000001
8.674316,0.000001
8.673950,0.000001
8.673584,0.000001
8.673218,0.000001
8.672852,0.000001
8.672485,0.000001
8.672119,0.000001
8.671753,0.000001
8.671387,0.000001
8.671021,0.000001
8.670654,0.000001
8.670288,0.000001
8.669922,0.000001
8.669556,0.000001
8.669189,0.000001
8.668823,0.000001
8.668457,0.000001
8.668091,0.000001
8.667725,0.000001
8.667358,0.000001
8.666992,0.000001
8.666626,0.000001
8.666260,0.000001
8.665894,0.000001
8.665527,0.000001
8.665161,0.000001
8.664795,0.000001
8.664429,0.000001
8.664063,0.000001
8.663696,0.000001
8.663330,0.000001
8.662964,0.000001
8.662598,0.000001
8.662231,0.000001
8.661865,0.000001
8.661499,0.000001
8.661133,0.000001
8.660767,0.000001
8.660400,0.000001
8.660034,0.000001
8.659668,0.000001
8.659302,0.000001
8.658936,0.000001
8.658569,0.000001
8.658203,0.000001
8.657837,0.000001
8.657471,0.000001
8.657104,0.000001
8.656738,0.000001
8.656372,0.000001
8.656006,0.000001
8.655640,0.000001
8.655273,0.000001
8.654907,0.000001
8.654541,0.000001
8.654175,0.000001
8.653809,0.000001
8.653442,0.000001
8.653076,0.000001
8.652710,0.000001
8.652344,0.000001
8.651978,0.000001
8.651611,0.000001
8.651245,0.000001
8.650879,0.000001
8.650513,0.000001
8.650146,0.000001
8.649780,0.000001
8.649414,0.000001
8.649048,0.000001
8.648682,0.000001
8.648315,0.000001
8.647949,0.000001
8.647583,0.000001
8.647217,0.000001
8.646851,0.000001
8.646484,0.000001
8.646118,0.000001
8.645752,0.000001
8.645386,0.000001
8.645020,0.000001
8.644653,0.000001
8.644287,0.000001
8.643921,0.000001
8.643555,0.000001
8.643188,0.000001
8.642822,0.000001
8.642456,0.000001
8.642090,0.000001
8.641724,0.000001
8.641357,0.000001
8.640991,0.000001
8.640625,0.000001
8.640259,0.000001
8.639893,0.000001
8.639526,0.000001
8.639160,0.000001
8.638794,0.000001
8.638428,0.000001
8.638062,0.000001
8.637695,0.000001
8.637329,0.000001
8.636963,0.000001
8.636597,0.000001
8.636230,0.000001
8.635864,0.000001
8.635498,0.000001
8.635132,0.000001
8.634766,0.000001
8.634399,0.000001
8.634033,0.000001
8.633667,0.000001
8.633301,0.000001
8.632935,0.000001
8.632568,0.000001
8.632202,0.000001
8.631836,0.000001
8.631470,0.000001
8.631104,0.000001
8.630737,0.000001
8.630371,0.000001
8.630005,0.000001
8.629639,0.000001
8.629272,0.000001
8.628906,0.000001
8.628540,0.000001
8.628174,0.000001
8.627808,0.000001
8.627441,0.000001
8.627075,0.000001
8.626709,0.000001
8.626343,0.000001
8.625977,0.000001
8.625610,0.000001
8.625244,0.000001
8.624878,0.000001
8.624512,0.000001
8.624146,0.000001
8.623779,0.000001
8.623413,0.000001
8.623047,0.000001
8.622681,0.000001
8.622314,0.000001
8.621948,0.000001
8.621582,0.000001
8.621216,0.000001
8.620850,0.000001
8.620483,0.000001
8.620117,0.000001
8.619751,0.000001
8.619385,0.000001
8.619019,0.000001
8.618652,0.000001
8.618286,0.000001
8.617920,0.000001
8.617554,0.000001
8.617188,0.000001
8.616821,0.000001
8.616455,0.000001
8.616089,0.000001
8.615723,0.000001
8.615356,0.000001
8.614990,0.000001
8.614624,0.000001
8.614258,0.000001
8.613892,0.000001
8.613525,0.000001
8.613159,0.000001
8.612793,0.000001
8.612427,0.000001
8.612061,0.000001
8.611694,0.000001
8.611328,0.000001
8.610962,0.000001
8.610596,0.000001
8.610229,0.000001
8.609863,0.000001
8.609497,0.000001
8.609131,0.000001
8.608765,0.000001
8.608398,0.000001
8.608032,0.000001
8.607666,0.000001
8.607300,0.000001
8.606934,0.000001
8.606567,0.000001
8.606201,0.000001
8.605835,0.000001
8.605469,0.000001
8.605103,0.000001
8.604736,0.000001
8.604370,0.000001
8.604004,0.000001
8.603638,0.000001
8.603271,0.000001
8.602905,0.000001
8.602539,0.000001
8.602173,0.000001
8.601807,0.000001
8.601440,0.000001
8.601074,0.000001
8.600708,0.000001
8.600342,0.000001
8.599976,0.000001
8.599609,0.000001
8.599243,0.000001
8.598877,0.000001
8.598511,0.000001
8.598145,0.000001
8.597778,0.000001
8.597412,0.000001
8.597046,0.000001
8.596680,0.000001
8.596313,0.000001
8.595947,0.000001
8.595581,0.000001
8.595215,0.000001
8.594849,0.000001
8.594482,0.000001
8.594116,0.000001
8.593750,0.000001
8.593384,0.000001
8.593018,0.000001
8.592651,0.000001
8.592285,0.000001
8.591919,0.000001
8.591553,0.000001
8.591187,0.000001
8.590820,0.000001
8.590454,0.000001
8.590088,0.000001
8.589722,0.000001
8.589355,0.000001
8.588989,0.000001
8.588623,0.000001
8.588257,0.000001
8.587891,0.000001
8.587524,0.000001
8.587158,0.000001
8.586792,0.000001
8.586426,0.000001
8.586060,0.000001
8.585693,0.000001
8.585327,0.000001
8.584961,0.000001
8.584595,0.000001
8.584229,0.000001
8.583862,0.000001
8.583496,0.000001
8.583130,0.000001
8.582764,0.000001
8.582397,0.000001
8.582031,0.000001
8.581665,0.000001
8.581299,0.000001
8.580933,0.000001
8.580566,0.000001
8.580200,0.000001
8.579834,0.000001
8.579468,0.000001
8.579102,0.000001
8.578735,0.000001
8.578369,0.000001
8.578003,0.000001
8.577637,0.000001
8.577271,0.000001
8.576904,0.000001
8.576538,0.000001
8.576172,0.000001
8.575806,0.000001
8.575439,0.000001
8.575073,0.000001
8.574707,0.000001
8.574341,0.000001
8.573975,0.000001
8.573608,0.000001
8.573242,0.000001
8.572876,0.000001
8.572510,0.000001
8.572144,0.000001
8.571777,0.000001
8.571411,0.000001
8.571045,0.000001
8.570679,0.000001
8.570313,0.000001
8.569946,0.000001
8.569580,0.000001
8.569214,0.000001
8.568848,0.000001
8.568481,0.000001
8.568115,0.000001
8.567749,0.000001
8.567383,0.000001
8.567017,0.000001
8.566650,0.000001
8.566284,0.000001
8.565918,0.000001
8.565552,0.000001
8.565186,0.000001
8.564819,0.000001
8.564453,0.000001
8.564087,0.000001
8.563721,0.000001
8.563354,0.000001
8.562988,0.000001
8.562622,0.000001
8.562256,0.000001
8.561890,0.000001
8.561523,0.000001
8.561157,0.000001
8.560791,0.000001
8.560425,0.000001
8.560059,0.000001
8.559692,0.000001
8.559326,0.000001
8.558960,0.000001
8.558594,0.000001
8.558228,0.000001
8.557861,0.000001
8.557495,0.000001
8.557129,0.000001
8.556763,0.000001
8.556396,0.000001
8.556030,0.000001
8.555664,0.000001
8.555298,0.000001
8.554932,0.000001
8.554565,0.000001
8.554199,0.000001
8.553833,0.000001
8.553467,0.000001
8.553101,0.000001
8.552734,0.000001
8.552368,0.000001
8.552002,0.000001
8.551636,0.000001
8.551270,0.000001
8.550903,0.000001
8.550537,0.000001
8.550171,0.000001
8.549805,0.000001
8.549438,0.000001
8.549072,0.000001
8.548706,0.000001
8.548340,0.000001
8.547974,0.000001
8.547607,0.000001
8.547241,0.000001
8.546875,0.000001
8.546509,0.000001
8.546143,0.000001
